0.0134028
0.0134903
0.0130049
0.0126095
0.0122101
0.0126273
0.0100495
0.0115171
0.0111685
0.0131662
0.0137056
0.0114527
0.0121934
0.0123882
0.0151532
0.0118074
0.0120362
0.0103309
0.0124509
0.0128764
0.0122144
0.0138534
0.0120439
0.0123529
0.0126641
0.0139134
0.0131922
0.01298
0.0121068
0.0127977
0.0133527
0.0126349
0.0128324
0.0140094
0.013268
0.0141989
0.0111407
0.013473
0.0125356
0.0126982
0.0154311
0.0129787
0.0128459
0.0176305
0.0135143
0.0130857
0.0137981
0.0139701
0.0145247
0.0131745
0.0137175
0.0113052
0.0132147
0.0136199
0.0126757
0.0119298
0.0107806
0.0138073
0.0125155
0.0137034
0.0133559
0.0159858
0.015326
0.0151712
0.0136384
0.0108303
0.0125958
0.0129451
0.0135466
0.0126782
0.0146802
0.0101456
0.0139966
0.0125607
0.0128696
0.0130783
0.0127191
0.0127559
0.0131306
0.0135508
0.0141532
0.0115025
0.0135978
0.0124711
0.0126513
0.0128654
0.00929607
0.0129222
0.0135418
0.0134178
0.0137107
0.0133983
0.012562
0.0110209
0.0134553
0.0138402
0.0129963
0.0141645
0.0130334
0.0128853
